2499,3984,4078,9153,3180,6081,7274,7341,5518,4918,6736,0,2970,7051,4760,1000,5479,7641,2477,2223,301,6869,6750,3242,2995,6586,7835,1026,3063,5432,7715,2342,18,7239,2401,9633,4722,3800,9545,4177,3463,3303,8348,8300,3712,4323,436,1662,9315,3411,4461,1696,5652,4877,9452,7782,303,2377,519,1121,5176,5397,9202,1602,7909,2263,4819,6662,9490,3636,6732,4174,8520,844,9219,6700,4050,8049,2182,3155,4992,8138,7328,1778,5604,6714,9109,9659,4876,2002,5665,6545,6480,7267,7076,8017,3509,8807,9256,9994
4024,7450,7574,8844,2355,3054,6041,8048,2163,4301,6964,9821,3520,2738,2979,232,2293,5611,6522,776,8602,4411,7658,6871,9442,10,5378,1429,1740,5312,996,8080,1816,5491,5051,8629,7939,2628,7153,4004,3925,7346,47,4289,3211,5341,3305,4720,7230,1773,1776,2205,1496,8171,1930,1292,9984,746,603,8402,3678,8434,1660,721,2452,7417,7582,8261,8916,5379,1406,9856,5099,4727,7765,142,7419,3669,1579,412,8970,4701,2038,2361,6129,1777,5072,3048,5105,3252,2886,9453,6605,5058,70,1143,928,8885,7021,9747
4091,6455,4414,9022,5769,7168,3016,8941,9384,1361,2591,8953,2854,1748,4491,8477,9868,6620,3393,6335,9361,2892,6444,9682,6216,6449,9773,1917,7693,6435,4428,8982,8463,6498,8886,3392,975,3452,6493,8220,939,2742,5977,8809,3322,2116,2826,5368,822,8103,4596,864,8727,375,1541,8193,6420,407,3199,2316,9654,9044,6872,1635,4180,7672,5301,3017,2296,8527,2298,9890,2535,9350,4134,6221,8304,5458,5124,4147,2267,6660,5790,2713,3662,1481,6438,8037,2035,7926,6000,4504,9098,5892,8860,7463,3575,57,1374,9182
4231,2008,5178,6637,220,4169,7218,5456,7188,6588,5940,8309,8471,7688,5573,7405,8703,6696,9106,1975,4680,1934,9982,6916,5759,5338,3367,3286,2816,3319,3324,2546,7273,9163,1480,2383,1860,3866,7687,2073,6495,9468,9700,5922,6903,8483,7525,523,1252,3428,2925,5185,1287,3764,2903,6481,6284,7954,4773,4981,5257,9081,5020,2733,9198,1676,4186,1231,3366,8149,1997,252,5735,7662,6215,4635,7706,2104,7181,5169,9459,9499,2930,5963,7313,8541,226,6861,6963,1910,1833,6866,4441,1350,9051,166,5459,590,6457,3610
480,5936,9417,7832,1673,4681,8115,2787,6471,7585,6466,5170,7742,6186,6663,1559,458,529,1170,4182,9263,8076,4111,6011,832,8724,11,669,7886,2022,2586,6650,6229,8644,2784,1466,8888,9578,4208,5907,7259,9853,2806,1053,2904,969,1835,9710,5542,8544,1820,6949,6737,4397,1076,379,5505,4947,5218,1389,7474,4916,5615,5984,7130,2525,5060,3331,2232,2823,7674,3482,5184,2286,6123,9828,3834,5841,6459,7996,5741,2291,2417,7600,3767,1937,3111,9594,5062,3357,9668,7592,5357,8773,3837,7504,3648,4528,4844,8722
7288,9973,2774,9583,8535,2609,2734,5900,3001,3833,3261,4516,8371,1789,3171,7115,7836,5928,472,8766,9715,2599,4354,377,6793,9945,5111,7077,9146,5156,9232,3196,3244,9100,8596,2540,9670,1519,3667,5012,1872,6426,1307,900,7167,4557,6918,6046,4410,7524,5014,7768,8706,7129,9479,2488,7717,4384,6839,2654,567,611,6037,6910,8636,7110,2902,1248,5916,19,6265,9465,6476,7427,2608,9608,2443,3661,2934,7750,6433,5398,9762,157,6107,9171,3296,9401,9402,7814,5461,4667,4657,5673,337,1257,5535,3202,4698,4366
1173,9338,6823,4494,6409,3410,1315,7535,1629,666,2405,5011,6533,2944,7124,5095,5212,5358,2522,1320,575,4654,904,6612,7207,484,9372,9342,9045,4906,3119,4315,4524,3208,4920,381,7269,8898,5909,9870,3488,1453,9367,416,3280,4446,2833,4560,89,9085,1196,6137,9672,7816,3965,6762,5957,973,9751,1069,3124,8349,4600,8024,99,7443,6048,5849,1535,2206,8746,7756,4566,7921,6607,2045,1465,7236,9596,1497,518,3022,9739,7081,7509,5104,9318,7534,9483,2284,6781,5165,8247,9903,1066,7403,8550,1895,4032,4934
1454,6759,9679,1301,7250,7157,9824,1316,1463,3657,598,4798,8081,7112,3282,6870,227,7589,1931,3474,2069,1544,5098,7307,6465,6461,7556,1494,9497,3849,3757,9886,5639,6184,5145,7354,2867,1898,2545,3098,7971,4195,9178,2416,3434,5626,592,1041,8814,1537,8552,7286,7089,8944,7764,5663,5879,8468,1960,1294,9144,4165,9002,6321,2849,5655,7719,8869,50,1759,7361,5865,3814,5123,8546,2049,5691,2369,1964,3039,1367,7908,6354,6983,3756,1474,2688,2621,190,486,339,7495,9556,5651,3813,5488,858,6119,8197,604
2731,5666,8373,7828,4873,3414,312,8420,9664,6185,3223,5996,1187,4033,8181,7601,3415,5894,6613,779,6894,7234,4590,7753,5728,176,4025,6344,300,58,350,910,4763,6028,3200,4475,2994,4943,8357,3774,4228,4748,9983,9894,2311,7460,5748,9636,8731,3212,8671,3097,4478,2246,3858,7861,3854,4975,4285,8331,1815,4329,1564,3113,2900,2422,7612,6154,5625,5281,51,1199,6765,2257,8310,9780,6597,7473,9624,5632,1555,9155,8269,4256,2160,3251,6721,4691,1667,8507,1943,4058,6116,6395,7547,7746,82,5420,8233,2949
4874,455,4080,1928,2997,9266,5091,7042,6324,4807,9757,1971,4911,2511,7611,626,9511,2126,1523,4291,3346,2241,4605,8036,903,9013,140,1493,9786,2510,1681,5316,5189,9956,8739,2191,6666,2346,9268,1325,4661,6217,3471,6211,34,6276,758,802,357,2254,3056,1578,6951,3267,5968,1865,9176,4221,1011,5351,6182,4966,1444,3655,3582,9974,1784,1948,4643,1124,7414,8333,1421,2955,7294,907,1752,481,4815,8846,8071,4468,8447,4546,7806,2739,4030,7248,1675,1471,8299,7317,8759,1369,4919,6387,2054,3846,8693,4542
8952,4931,9387,8025,8632,4201,9849,8112,2519,4352,8788,4736,2718,7032,6322,6591,2918,7467,272,5335,3518,713,6768,9830,7302,4768,8029,5081,1249,3137,330,8011,8394,1491,9579,8606,6415,322,5101,5328,8688,6674,5168,5131,8687,1285,1430,8880,8292,6208,2166,6718,562,8067,7038,2349,7035,2551,6579,9818,668,5711,1714,2647,9295,5677,9046,3847,5746,6945,5387,8615,9078,7723,9866,9734,5376,3797,814,1983,9284,6442,6644,4762,644,7905,702,9246,816,4979,5077,4244,8813,8794,2144,1749,4359,5974,3944,8882
3583,1411,5852,648,3304,3951,4135,6290,6624,1864,4290,4421,7984,8243,2358,7937,5384,5920,5167,7818,468,3099,4022,7512,5726,6933,6819,3514,6673,9667,2845,5638,4717,3339,7256,2695,5891,7839,5704,5400,2429,2737,3055,7342,2770,2140,6641,7895,1438,6236,2907,5313,8324,7055,4357,1034,1478,3632,4884,9841,7255,5153,7702,8164,883,559,7400,7714,7769,9915,1330,4625,5555,7627,1363,540,2550,6677,4116,9684,8064,5143,2564,2392,740,398,6138,1134,7337,5273,353,3863,3492,278,6523,1695,3721,8014,2964,3823
3,8543,3646,7105,9441,5633,5845,4507,5989,7636,9779,329,179,8255,6705,4891,947,6776,3547,9512,9970,2238,8566,1580,8509,7150,9513,8711,106,2959,3765,6330,9273,3916,7752,2432,1244,7454,5425,7278,4780,3037,7349,2952,3597,3940,6115,6531,1169,7976,6812,9319,4556,7163,6375,6753,4813,8993,7648,1399,1589,5951,314,7844,6845,9702,5192,1540,56,9626,8441,1010,9355,6309,8117,879,944,7943,6575,7276,1366,3080,8424,4715,3376,4772,674,8084,4784,9776,1171,5832,1201,4288,3458,8308,2706,4630,289,7598
4562,6490,7291,7107,1029,7449,514,6427,686,1235,1432,9400,3937,2466,8945,5326,3153,3133,7630,6036,6106,8437,6044,1355,5141,4027,264,9694,5980,6914,5574,906,2882,7638,9711,3989,3811,795,1522,5310,3246,5714,4670,67,7309,2588,6172,7095,3556,699,6635,4245,651,1951,2120,8009,4401,5565,8824,2785,5635,6118,9500,2148,366,148,4252,118,7170,7823,7899,3649,8089,1832,622,1482,6694,8748,7355,8775,9277,197,6831,5197,4597,5873,5010,6998,9847,3751,1032,7028,8669,2931,1543,3506,3416,6178,139,7101
8717,2453,3226,3382,9305,1337,7285,5234,9814,9119,6885,4500,7310,6237,671,9069,9893,804,5706,2637,7579,8161,7820,6450,2146,4089,8338,7532,1711,2576,2486,4065,8620,7435,6684,7516,8929,8212,1117,2971,1721,1671,8737,2184,53,862,20,4233,6529,7143,6436,1353,1659,7745,7465,12,2802,7640,5408,8738,8651,1712,7496,2176,645,4752,6020,8514,6756,94,5083,4406,5846,2683,150,9910,2492,7615,1263,8990,5642,3362,3006,4259,460,718,471,1203,2004,2626,537,8619,5869,419,8984,8314,1180,6223,7154,7822
3163,1572,2173,5438,9025,3470,8019,7301,5941,679,3828,4120,4708,3188,5805,4480,4985,3553,568,1104,7212,9987,3379,5570,2204,7036,4801,3666,4613,9314,8387,4210,5906,2986,3579,194,6002,685,962,3380,3045,8965,5320,6744,8018,5837,1109,3548,8120,1400,9393,1246,7998,5477,6608,953,1376,4644,4998,1356,4432,3724,8218,7698,9111,425,8735,8211,8153,8592,9010,1614,731,8162,5426,1084,1295,3071,3290,4429,9168,1560,6808,3561,7906,7981,8340,4144,8380,1214,5457,6585,5724,8883,9811,3152,5346,7315,2538,5271
6741,8157,5513,9,1128,109,6313,1570,4191,274,8392,9616,4293,3919,9898,6350,4782,3468,112,949,655,6212,7394,4669,3791,8853,841,5678,8106,2889,5887,7190,8878,3395,870,7529,6400,8857,6084,234,2457,934,5962,3336,9248,8374,2030,9690,4770,9746,6353,9430,9850,13,6798,7231,8699,7175,3010,1944,704,4213,5239,8448,865,9358,717,8686,9296,3413,842,2015,2145,7871,2491,4212,4437,7475,80,4149,2554,2061,9662,9170,6788,9889,8345,30,7485,5695,9449,3909,98,6063,6969,9980,2185,9357,4003,4321
3522,9728,5817,8653,2571,3000,2560,7200,6576,1397,6429,7445,9322,4159,7118,8574,9611,3332,4595,5363,1146,9544,7554,5527,7885,3104,676,3431,8417,2131,2115,2513,918,761,9925,4408,8545,9649,2810,2966,6054,8894,8125,2345,8320,9817,1933,7707,3996,885,4765,9429,6697,2495,8920,499,6356,9120,7178,2671,7002,6408,9147,5765,863,3601,9637,9351,7258,2624,3446,4054,9213,4435,6473,7261,4382,2177,8525,7879,8079,7716,2029,1936,9412,2692,6982,4462,8563,2158,4151,6936,9185,2500,3238,9842,3015,3836,616,9504
2212,7711,2059,284,9331,3635,8177,3449,5347,459,3191,9585,7731,6487,1799,5297,3254,8326,2857,5244,3703,8556,3570,2323,636,7887,5901,9102,2147,641,9564,2547,630,6219,1081,8002,4264,1212,4665,5201,7664,2793,4069,8538,2612,5636,7099,1793,8715,6399,7700,2996,2483,6739,9294,4444,7464,4642,35,9722,4423,9753,4023,9761,9283,629,4239,277,5484,5045,2391,6678,1094,4465,1679,7704,4740,3265,3908,8302,9562,5797,3515,878,2559,3042,7395,2702,5329,5253,4970,8848,3407,6027,6913,9407,443,5569,8050,1669
1688,4922,2256,8818,8658,4328,4959,5396,8480,3981,1890,4275,2725,434,3913,9282,3912,901,912,8119,1794,4539,1243,8887,618,2703,768,4274,123,2861,5736,2614,8949,3735,7987,4623,1924,3533,4076,9211,940,9526,9570,9767,9805,2615,914,1802,6500,8900,2121,8351,3960,558,3660,3116,9577,3172,8102,3589,8512,4367,9324,9091,1786,3979,6821,1811,727,6706,1233,5036,1005,207,5778,256,9316,5015,1111,6246,5352,2175,3423,3901,6414,2484,6085,5243,8815,7034,3234,1207,6581,6630,9416,4984,4885,5777,1904,7802
5745,6030,1761,4061,7819,7173,5967,3855,6695,1701,6822,8914,6282,4455,1469,1431,5770,5917,528,5110,1504,3578,4958,6200,5050,4110,823,1730,6209,4853,4449,7367,3117,7025,4941,9724,2818,9011,8274,1911,6713,7747,9134,7282,100,8975,511,5486,1055,8118,6060,6599,5395,5727,3681,2409,7870,6289,2088,2682,7493,9992,6687,828,4845,8344,6277,6795,1705,1640,3663,3546,4303,4564,5857,689,2929,4887,4778,3856,7141,8951,852,215,7793,6271,6681,3861,7096,1110,2946,8678,7404,7891,4696,1154,3486,7957,4178,6851
1219,8460,5487,1264,5867,5148,6314,6496,3102,4418,3581,6742,9156,658,7204,3493,7541,6379,7323,9243,8366,3772,7488,1228,4100,7738,1459,979,4225,2517,7183,7553,620,1275,1091,464,9555,3203,9551,498,2400,3718,6509,6111,3598,8785,8206,1762,2385,4011,4854,3555,6206,1949,6428,5164,9783,8026,6850,5812,1101,8224,9446,9478,6307,1114,4647,3060,7244,8254,2563,8979,2641,2888,1387,2678,5664,8510,3674,5183,5255,1211,9955,7368,9173,1642,2746,3224,5628,5743,4400,4567,7296,7873,5627,8770,2905,8104,7344,8677
4684,4044,5610,9617,9233,4939,9439,1892,6899,1063,4886,5250,919,2838,5782,4822,8841,6247,756,5475,2943,3586,6113,9698,8589,7224,6312,4754,155,4262,1151,1514,4101,9612,5305,723,7917,4345,913,1677,449,6842,4735,4092,997,3343,2578,6062,9614,4820,2053,1312,6398,8513,6606,7748,8160,6810,7660,492,6452,5251,8175,9368,2167,4333,8105,9647,8276,8497,2717,9253,9356,1112,2162,5786,9231,3943,3752,5530,3688,9024,4051,550,6283,4789,1365,5680,9885,8280,4344,9831,8129,7807,1586,8343,5349,4949,5791,9543
570,8963,9523,6437,8136,8603,9509,4983,4535,9332,2036,5003,7846,187,4248,6825,7491,114,6406,9247,4377,2051,6627,9068,3355,8819,5868,305,1611,2936,665,9677,9913,4957,8793,1620,174,3840,1621,5631,8825,9604,3719,5608,8884,5585,948,7366,7452,1970,4932,2623,9770,2172,7174,4097,8073,2890,2817,1375,2751,2969,1734,8655,5266,719,8646,7599,6252,5031,5463,1893,542,3216,9887,2130,8257,1408,8865,2138,6270,8591,2042,3842,7620,5502,7067,9714,384,573,9481,1093,6525,1012,3871,8575,473,2730,5718,8968
7968,3138,4718,3158,326,8323,9942,3569,1848,5406,8607,3672,1792,3070,4905,257,8484,3342,6255,8654,2209,9725,7056,976,8750,4601,7670,1706,9399,9666,2327,2899,5423,6164,5252,6735,4837,1095,593,849,9369,2062,3460,2371,1725,8720,7865,9291,3046,9436,6073,8279,735,7593,4042,1624,9642,1079,5068,6035,371,1638,563,380,3882,7689,503,657,599,4498,9977,5134,1241,1302,9777,5641,3694,5359,8488,3869,2539,5618,6275,2593,2334,6146,8621,6404,4872,6202,9026,8561,2430,4137,5402,3985,5366,4187,5321,4726
2569,9130,4161,6445,3363,1509,3033,7912,9050,3701,709,3845,2714,587,5002,8151,4695,3176,4888,427,1237,8679,5303,8689,5086,136,3697,7423,3035,9686,5950,3494,826,7012,1840,4965,1603,8967,1753,5822,5515,7869,3112,8000,5160,9245,7651,696,7853,507,6068,4070,2117,1160,6926,6253,1256,294,9957,8216,4113,6671,8336,9063,3815,8769,920,7265,8752,7017,811,5592,8955,2941,6505,2181,8086,4028,905,8800,55,9989,8674,6088,4416,146,5221,9495,4550,1368,3285,2592,4249,7290,9190,6337,2096,6083,7881,9057
4973,3830,6691,9238,9306,6292,2567,3086,7387,2953,9874,1728,3877,2975,1598,4847,8473,3330,7934,6546,3207,8214,7956,1922,4719,9546,6639,9194,4454,4140,3710,2071,3880,9713,1588,7469,1253,1116,2287,5436,2552,4426,7383,4361,2052,9990,7064,2556,8695,9066,2133,9362,9265,3639,3935,1051,8032,1882,4551,7043,3759,1633,930,7023,491,3184,9784,5246,3623,7059,6051,6766,965,7022,9809,9629,1599,4767,287,6551,9812,3374,6935,9377,7913,7156,5819,6704,3243,2487,8271,6218,9941,2951,5333,122,9858,4577,5431,7944
153,6844,1020,9207,516,9421,9539,7590,8640,461,742,3894,8491,476,3923,8947,656,2670,2058,5541,467,8278,652,933,5260,9896,6774,2458,584,500,4804,3551,1597,1043,1576,8554,3950,2109,4035,6929,1532,2374,4270,4185,8165,3348,7388,6592,8598,2597,9281,7923,4420,8742,3327,9737,9151,9807,5314,860,3959,1976,2227,9264,9181,8319,2013,5473,6720,8260,6205,2193,149,9658,2776,2285,3753,1172,7221,9717,4452,6571,8891,2908,3168,3777,1850,1186,4413,2379,5646,5587,5388,830,6317,3281,5667,3905,7430,7725
2981,6752,6693,6549,8832,9103,661,4353,5442,9408,9520,7986,695,7775,3790,9603,1047,9788,2294,7505,7191,6927,2248,7825,1401,45,9712,8918,3314,9431,9645,857,7831,6273,8801,1204,8776,5622,6491,8868,7540,3510,1715,9959,5850,450,395,4334,693,7326,6919,6726,9692,2330,5030,7635,8973,2060,1230,4552,5272,3408,4709,9949,8466,4308,2365,3291,7798,1810,3620,3295,9575,9669,3287,9966,3007,6010,9214,9271,6100,3926,9732,821,6310,2343,5032,8777,4083,3967,5818,579,1958,7424,8391,8612,5446,9212,9607,2698
3334,8410,4512,2954,2732,9145,4814,4314,2585,548,8936,6683,4014,8994,5236,6102,2102,196,6023,2862,4395,6991,1413,1765,995,1651,1226,6090,615,9888,372,2726,6488,7770,1596,1324,2872,7320,5516,4881,6628,2372,7931,2305,2187,1004,4399,7158,2065,6454,5066,2895,62,2853,5460,3239,297,4492,5737,7993,6263,3952,3030,3749,5881,5248,8812,5838,1649,6987,4829,2991,2875,1583,5434,1920,9228,5931,4183,316,210,135,2837,8297,5856,6560,1163,2101,4090,2201,6686,4668,5207,39,4467,9632,8012,2149,4521,5108
4714,2926,5956,2489,1628,8449,2467,3809,7581,9472,8450,5112,9905,22,3151,4706,8227,7264,2197,5414,6547,8833,7428,2915,861,9415,8015,5494,2411,5365,6965,3050,9124,5496,4549,6544,7466,8236,6407,4997,3388,23,6974,6469,1193,6938,4745,8980,1690,6659,6411,4060,9944,2496,8174,5128,4362,3049,3704,2439,2315,4000,8096,7082,847,2381,2265,4016,9409,3841,5361,6596,2237,1405,3673,7999,4864,9423,957,8672,1080,3222,2129,2476,8190,7205,8474,8922,1288,3062,362,4460,3036,697,7063,7340,1534,5839,7402,8135
