3995,633,5233,9224,4515,6343,5516,2472,3426,9416,598,6454,2146,702,5445,9712,807,7933,9402,2510,5451,7145,287,7674,899,2596,8748,3965,5382,1035,5755,542,272,323,3585,359,3477,4570,8507,1949,2445,8589,1555,1869,322,3917,3586,9123,1298,559,4744,7901,5060,1011,9984,2286,849,3870,587,2810,7437,4924,4310,9649,1389,2152,2581,997,8001,4718,3904,4510,12,8641,6065,2360,4313,3437,6580,2432,4881,648,8343,240,981,2800,6418,1457,5905,9071,6967,4852,3907,9799,1899,5578,996,2220,9735,4403
7326,2235,339,9730,9340,6283,151,2933,3887,2023,4682,1254,1294,8804,2995,3847,1976,7179,2557,602,8049,7629,8144,5628,1634,289,8837,2680,6617,8866,7373,8871,4477,7126,7592,1668,109,9446,3234,2150,8752,7092,2479,1471,4098,5995,3835,5657,7464,5103,9093,937,2767,2000,7198,6722,3209,4016,3287,4359,8192,3715,9009,2125,3327,3708,2365,2341,925,7546,5777,8891,2313,878,8757,2697,8024,1896,9548,9389,4550,5622,61,2311,5932,7820,63,857,8075,5410,2279,7269,3844,1144,4972,6032,9540,5703,3509,3719
4866,5320,6827,7928,8888,1858,2387,1739,4816,5275,1498,2924,4490,6813,5079,6406,422,3848,148,7196,9721,9018,7493,6951,9902,9756,9676,9495,3879,9791,9651,2389,9458,2219,9901,7466,2347,553,1246,8186,8396,7717,7478,3262,1726,2142,6684,3114,8124,9679,4344,6344,1962,9295,1994,2350,1839,1843,3974,6734,8099,6239,5746,8318,5066,9046,4940,5544,4428,52,1152,4794,9669,9604,2337,538,2243,3384,6940,8827,1448,7630,7812,2121,5760,5195,9152,124,6122,1832,6921,7066,8713,6226,3197,5699,474,2226,408,3382
1078,8340,5273,7017,9836,2384,4656,4814,7970,1496,9286,4494,5718,7572,3786,3890,4758,9062,706,5753,3350,3926,3030,1735,9586,1918,384,2546,9904,7070,1722,9355,2564,5124,2438,4211,5660,4266,6818,9790,5240,6410,1362,9105,8729,1633,7514,1920,1464,2886,659,7012,6441,9404,6858,2954,68,9697,9774,3872,1304,5151,2440,4956,7555,3012,1835,7836,6904,6912,5251,7223,4235,3922,4380,8654,7160,3918,4547,9001,5970,9385,9572,4294,3300,1820,3799,8703,2354,9825,2793,4770,9436,3190,1094,9767,298,9623,2720,1707
1816,2797,5655,35,6843,8136,3914,1290,8052,868,4481,2638,9828,6781,7089,7273,5763,9014,898,4574,8922,3255,7791,6842,3118,6797,8498,3830,3654,4664,5644,390,7157,9008,904,7692,2482,2301,1297,9342,5555,3883,4740,5286,3790,2922,6853,9715,3301,4533,5032,7716,2643,2814,4302,2544,9199,8234,6889,3814,1440,6643,3428,8992,7207,8002,928,3204,1930,8568,1106,482,828,2264,9428,4158,5222,7305,3958,3551,4860,5800,3534,5824,5512,9070,9878,4384,3228,2741,1706,1708,6534,7392,3638,4290,9305,3865,5210,1810
2971,2808,5864,9493,3214,4402,106,1006,6104,2119,2533,8026,2627,9769,1725,355,3449,3087,1877,5570,2718,806,9831,9961,2644,4483,3237,2402,7275,3110,346,2695,477,3942,2011,7426,7220,3202,536,3213,5994,3622,2984,5048,9391,91,425,2168,2833,2033,2923,6753,3934,4433,7297,2026,6257,7206,9354,5358,5205,5963,7869,4408,6536,5239,278,8812,5256,3507,262,3731,1014,13,6482,6969,9923,5420,7443,3093,3704,994,574,2750,7922,7908,5438,5293,3302,4164,6395,3693,6057,34,8760,1311,4559,216,6992,8077
8870,954,3560,7277,7730,1608,9893,5211,7748,5616,122,3463,3639,3670,9373,2292,129,8388,6099,8350,3284,8346,5890,7377,103,9838,2584,8494,1845,8027,8198,1218,959,7900,5936,8907,1391,3235,2074,4455,2277,6306,1481,6420,3854,9765,1715,3853,8404,6531,7587,1713,3178,6819,3196,6675,4769,9968,8337,4789,1798,8658,2308,2528,8134,480,1287,8716,2706,9546,4378,2083,8378,9580,2233,1695,9528,5285,3149,6288,1983,8653,5297,250,2588,4528,1100,9929,9096,260,4601,7936,8709,6501,1347,7253,1952,6696,2207,4567
8996,6322,9367,1415,4641,1309,2030,8738,5717,7096,6999,5003,2742,7621,3620,6366,6488,8394,9943,2287,794,6208,3122,8829,8577,1802,7430,9757,4322,8940,6192,59,9015,6918,1007,9406,4838,9128,9440,719,1776,2721,2977,6844,3759,3281,7078,9974,6708,1089,1428,2048,4552,3265,6891,967,4448,3009,8428,624,5268,8897,6767,8928,2518,6007,7113,738,3866,8666,8253,174,8755,3689,4096,8971,8293,3721,3488,7646,6342,2803,7425,7778,6154,1534,7406,1170,1808,3765,4516,5155,6719,5876,1636,4130,7989,4442,3709,3678
9852,8150,2986,2530,3221,6600,8410,3688,5042,8365,4078,9074,8647,9210,4568,3297,7549,8259,2498,4948,704,7830,6880,5681,2294,3920,9500,8896,7834,9588,2136,2890,2620,4241,3241,9238,4648,5716,1746,6030,9254,790,1811,6632,5089,1905,7399,2202,2760,2299,7389,4107,8062,9665,8085,5756,1486,5635,1769,3468,7272,6426,7232,8432,125,4624,8985,2227,5790,1582,3712,4608,5444,6292,3120,4340,6688,2773,7063,9277,769,5044,9999,9058,3680,9333,5738,9654,6749,7076,4147,2784,4526,7651,684,4588,3637,4591,8854,7623
9670,2255,3314,7337,7018,6937,5160,9542,3370,2270,3079,3417,5028,8127,305,6317,5243,2406,9740,4119,8168,1019,7792,3861,5070,7396,3185,6572,7228,7517,876,7321,6777,3086,5005,3596,8842,3104,589,7461,8714,9480,168,9912,5955,691,2160,8323,3532,6377,4966,9521,7950,450,3787,9582,1197,2050,9395,7868,2956,1859,8781,3254,2349,5315,3451,7946,1778,9374,3735,1368,3351,6949,6570,3875,5925,7166,7647,8779,3011,3772,3600,6296,3624,2972,7184,7986,8983,6378,8374,5736,7693,780,3220,8538,6522,4661,8558,4774
8682,6950,4788,8276,3144,2599,3347,5086,9641,3761,1315,5674,2979,9484,4760,7028,6877,8330,5884,42,1255,8902,8305,9950,9222,5944,2229,1202,8191,6068,1416,842,7000,9815,7151,3647,9886,6885,9120,4309,8202,1251,2058,9956,2006,5759,6569,2293,3443,632,600,5992,3045,9619,3753,5927,2215,4450,874,1606,1305,2,9307,9796,6598,6492,5852,4436,7891,8376,4870,1385,5850,9762,8526,9733,3714,6613,5980,3780,1407,6502,5227,4279,1092,8243,6639,2283,430,2386,7594,4216,5774,1711,2383,370,1044,3730,7586,4390
2788,7153,3389,7422,1792,6576,1348,8080,3932,8311,1269,5667,1809,332,554,7932,9121,9661,9191,65,9063,3152,9635,4276,855,84,4439,9805,8149,5062,718,9033,2452,562,4243,8973,7620,2140,9403,8021,3480,9139,4392,2889,8078,4435,3403,9664,4756,2851,1443,9841,3447,3821,7254,5978,1927,811,2621,6648,4363,3090,6621,6667,4962,1600,8187,5187,2678,9868,1914,3219,5982,57,2078,4307,8053,2238,6961,4104,8677,4651,4220,3429,4627,3812,6601,2555,3491,4569,2732,3470,1675,2029,8694,2895,3690,7985,972,7752
2768,7744,1879,4504,3884,7663,9650,5744,1893,6245,30,7183,8173,4036,1714,2726,4256,6619,3998,6464,3558,8185,2187,4396,9940,2898,7345,8969,4602,5772,6960,7416,740,6795,1267,8524,5886,998,466,9109,6759,6583,9602,5312,1818,1934,8138,7682,5277,7522,1474,3744,163,9248,6196,8265,1399,2832,9739,2704,7655,8242,8442,3849,4491,7938,3867,5014,4184,5986,2962,1102,3816,7702,7650,9147,2606,338,8014,3116,6745,5241,8920,7343,2966,3226,9747,8093,6737,508,9028,2994,6747,1272,6717,7832,9201,9337,8998,9376
1068,7686,2239,912,2791,454,3563,195,6225,1185,8308,9401,5247,6206,6991,6711,3617,7162,2867,5875,9761,1334,821,3329,5938,1066,192,6864,9864,9042,9501,7069,3771,4611,2288,947,5245,6324,3199,8573,5779,5393,8081,6215,6210,7329,295,1704,2053,6293,3409,3055,5780,9497,2798,8707,6657,3863,9297,9078,7688,5880,9194,9726,9813,1719,6199,3439,9607,127,4397,8371,7118,41,7551,2499,3674,8031,1459,7372,1188,7268,3459,3898,4687,4598,4791,9822,6438,6597,82,7222,7211,9731,175,5116,6177,8153,9690,9486
9066,630,313,2374,9144,936,3701,5434,2266,3173,3668,7764,8345,5049,5269,2852,8850,6790,8184,9994,8946,7447,7940,8070,7501,1868,2346,4472,8886,8248,2080,177,8012,3785,7589,3548,5313,3252,2699,5521,7662,6702,9512,8460,7243,5814,688,1885,9972,7435,2005,1610,9338,1180,9749,7224,4026,7375,6234,8079,9433,1169,3414,6802,1198,8065,194,9713,5209,7286,8360,136,4804,4738,4040,3126,1418,9188,7684,3435,2010,1979,8680,6578,6035,8948,7470,3298,2464,5064,4632,5311,134,2114,6647,4431,8400,2036,2722,5301
6775,6900,235,4330,8103,9843,3886,6074,239,5565,2225,3031,7884,88,1660,3238,5791,6388,4289,5966,6442,4633,3408,6863,4114,6669,8177,577,9100,9700,5109,6351,2400,5906,1291,4503,1855,7914,9208,2756,7585,6238,2192,3464,1249,8438,616,362,2634,9915,800,9162,3810,1289,666,7074,7874,6924,8194,860,9561,2765,1130,9558,4862,545,1661,8352,7380,2290,126,516,4605,4176,5142,1755,875,787,5321,1434,1844,9249,831,4630,9205,7536,350,9331,8836,3316,6416,1825,6830,1036,798,24,638,770,753,2478
9554,78,316,1943,3615,2782,4952,7840,3891,8604,245,2344,7371,1226,7071,2275,6508,1211,7036,568,9353,8596,360,8746,9246,6995,6304,6191,2430,2253,7949,1466,8934,3453,429,4332,2221,3063,9656,2877,1091,3928,548,6229,2857,544,4878,283,2363,1003,3258,7956,8129,8590,3062,9553,7929,6364,443,2352,9041,2300,8646,3257,8018,1387,3268,7995,8022,8025,2631,2256,1736,5503,5257,9463,9017,2746,132,5669,8213,736,5215,1946,1685,5223,3485,9522,155,8782,7271,7603,7679,5156,5481,9896,1075,5282,1050,315
2284,6092,6227,7794,4537,2388,5207,6496,2736,9655,686,372,754,6829,5408,7675,1848,2604,4551,1250,6498,4657,1231,7941,6209,7112,1670,4782,2628,9976,4727,6784,1806,9708,1307,1160,4799,1242,5600,8878,6611,6148,296,8355,38,2423,3072,7408,6870,7558,8322,6020,4152,8718,5513,9579,5279,180,896,7774,9706,6390,6370,7906,774,521,6365,1490,112,4286,9494,7302,7174,7565,7633,9280,4534,723,6568,4108,6126,3136,7627,6127,7654,4873,6121,6302,8004,6681,8056,2009,2540,3857,9411,4501,4097,6039,8588,3832
8101,6108,9983,4134,4665,5218,110,9242,3828,2745,5654,5862,4557,8540,2674,7999,9785,4126,4575,4249,4372,4178,2257,1743,3034,8476,2124,8174,2403,3520,8133,564,5228,1308,7943,9760,3278,7282,7758,8320,1903,7281,6930,9531,3645,1512,3132,3084,1017,1540,9569,9866,9362,1361,1221,4583,9755,6984,1088,5710,2509,1771,7678,7668,9174,5231,9764,8506,4711,3171,9795,4521,4143,6591,8302,4244,4689,6616,4499,8652,9930,4022,5486,546,9145,2242,6044,5114,9095,9022,5050,1470,946,8159,1452,3186,9053,3666,9141,6386
8122,8797,2208,7984,6990,573,2682,7562,62,3440,9895,8105,7656,1450,7006,6705,8386,1951,2656,9806,8651,4154,6628,4443,637,6015,224,6211,4762,200,2908,7474,3475,8679,3895,9060,8909,3283,3501,5292,4348,7602,1199,3465,9322,8592,4970,9975,5722,7440,7577,1940,4876,4937,9341,1942,2636,238,411,9652,6755,9716,6510,8109,8516,7379,3889,6476,5934,4129,5021,4081,1382,8089,8436,4932,2439,4386,6550,2184,8051,6555,1744,8674,402,3782,7117,8698,5038,1354,2714,8936,6761,605,679,5217,1162,7559,6075,7967
7808,404,5091,3427,9454,6925,3776,5055,1641,826,2198,2936,8548,7022,8114,7397,5984,5255,7452,3698,8041,6102,3227,9032,9368,7814,6103,992,5108,6929,4304,6485,9077,9247,5004,9636,2065,687,4394,5332,7833,9854,6577,6689,2267,9025,6545,4002,5902,4500,5857,5235,1694,8465,6565,7368,6097,5149,649,8964,9037,611,1,4089,4938,4427,621,3467,3555,8247,8982,9692,7981,4324,1922,8572,7432,8557,1500,7051,7029,1069,4192,7035,683,3518,5953,6693,9283,2312,6645,8034,7913,2250,3503,2771,3663,2675,8778,7280
5041,4272,2316,6224,2358,9478,5097,5967,9182,4199,4994,4476,7454,5894,5023,3393,4395,3604,6468,9142,7889,6750,6190,1813,8970,2869,7306,1005,4698,1022,2056,6151,3029,1310,8912,1782,8720,6328,9473,8068,2476,5799,5846,9514,9629,945,8955,8853,5284,6615,8704,188,9504,8497,9776,4686,5146,3355,5261,2893,8377,5154,8045,9937,730,6584,6931,440,8456,3372,5259,5283,9894,9319,8030,8773,3334,9722,8347,265,6682,8215,8913,2259,8197,292,232,771,2281,6078,4983,3855,5437,5203,6504,6133,1414,3147,5287,4717
492,7341,7852,3154,4514,6911,2948,1043,211,6980,6938,6776,9336,6816,3404,3777,1741,1961,3322,3859,1121,7588,3614,2016,462,1679,8563,3986,3469,276,4720,5348,4329,5221,2274,1225,4471,3912,5288,5752,3320,9611,9364,9468,999,3487,9752,6130,7404,3521,1504,1664,3702,7021,1972,3669,8503,5924,9153,4122,288,1970,8893,2719,6825,6029,4132,3626,6625,2585,5598,6120,2816,2884,8096,2879,6391,8678,4008,6367,1967,8742,6636,2566,9378,1999,5265,7708,2690,2310,3385,3902,7694,1234,6091,5025,9817,1944,3489,1171
4197,4127,515,8229,2032,2639,8328,4965,2842,7054,5414,7947,6064,4432,426,6054,2707,8237,1599,8911,883,9783,6848,6810,8805,1542,2902,7904,9892,3728,8117,4963,6451,9988,3187,9312,5340,3080,5225,1370,3309,714,28,6265,9787,4496,72,2642,8231,4492,4898,4877,2830,4072,1018,4754,1135,6379,1461,4773,6453,8732,8176,7387,8751,7095,330,983,2305,7313,9560,2740,4684,7653,7665,5726,5309,7457,6041,9335,5842,8399,9581,6729,8203,9181,6605,1441,5069,5645,7553,9325,7494,7339,6845,2102,2753,7259,8335,7497
1838,2525,6018,348,2359,2650,4560,29,4543,9413,6603,916,764,2090,6251,3736,5687,8390,104,7770,8554,4238,6706,7526,8180,5517,6112,8753,3047,4729,2375,7308,5764,9881,8334,8412,2906,3564,6782,5457,3422,661,760,2297,966,9498,1264,9048,9267,7781,845,6604,8092,2210,950,3176,2222,314,9038,1213,7072,8810,4736,6270,8252,5832,8900,7978,7923,5244,1924,2646,1812,5656,3834,9004,3874,3499,1644,4722,308,964,8644,650,5940,9997,3876,2199,5485,763,9908,5249,6398,2228,3661,7318,6382,3864,6953,5172
9827,6934,5446,6372,3388,5271,3525,3378,9626,3535,655,9819,8650,1801,1717,5061,9687,2789,4650,9130,2258,243,2860,2671,8903,6947,7491,6986,8082,9523,8608,775,375,4020,3383,4555,3547,5194,7760,5115,973,8452,3492,6165,746,1995,2369,9627,5837,3769,7525,2873,9681,6167,7557,8315,9620,3109,1002,5012,4030,5642,9140,9743,257,9281,5198,1047,4245,8640,1275,3223,5,1174,9377,9640,4976,9380,722,9314,4704,9296,7786,9329,6512,7609,8200,7616,2541,1220,7444,2265,5491,6413,9754,3200,2920,6062,8384,6110
1413,8884,963,7658,9987,5270,5152,7084,6680,8966,6445,8549,5948,7073,2122,8686,9845,8118,4314,7261,2249,1300,667,9007,8102,8316,1511,9879,9253,3148,6444,8017,8338,9591,2799,791,2570,1284,4731,6157,3630,9606,8795,2213,1931,17,7130,9759,6542,4556,6679,3512,2021,3619,5663,2921,5112,8372,1010,9678,7182,4117,5253,550,9772,2493,5619,2993,6726,827,825,3732,3168,7831,6156,1821,8477,2539,6160,50,9698,2188,7762,4185,7622,5559,3953,3306,49,2234,9821,4079,9346,3659,8489,7242,7934,5711,220,9189
576,5224,8514,439,2729,6374,3330,3405,9453,9487,9714,9466,7241,9571,833,9321,8067,9615,9382,8684,7262,9585,3523,3352,1747,9543,4233,9260,2516,7919,9779,2503,2821,4051,9936,3720,7699,3275,2224,8643,2901,8502,9593,785,8631,1463,1658,9667,9609,3839,1236,8598,2237,2831,5910,1554,2434,2512,4844,5190,9405,6198,9753,955,5007,7158,5786,7068,8881,830,7987,9220,8349,5092,3357,5132,5250,7310,8977,237,9631,8508,1638,4202,1456,6132,9237,40,2532,4419,3064,5534,6678,8838,9768,2700,5632,6785,4921,1578
2174,692,9146,6346,3552,4484,241,4820,2223,8743,9116,3878,7746,9057,2094,1699,2527,907,3448,2079,7519,720,3175,6698,3613,2685,6269,9818,5291,9603,2772,8905,7892,8178,4855,529,8980,2118,5300,5122,8690,7931,1524,1117,6820,5319,3308,5573,2688,3479,7540,208,2875,9861,2567,6299,7886,900,9837,2413,8645,2960,2231,9702,6474,2154,4668,393,9005,8356,6186,6271,3366,5972,452,6446,3972,6869,2353,3490,4374,7361,7248,8972,4186,6718,1637,1065,3960,2171,1624,2855,8015,6899,247,227,1204,3924,7860,647
2182,7381,5860,4847,5867,5105,5784,172,1841,2335,1479,3536,6384,2428,523,5166,2252,242,7181,3900,4827,6333,9551,9842,2370,8991,6826,664,2241,6789,5974,166,5727,6423,8472,4003,5844,4208,3745,5088,2201,9728,2909,9233,9448,3628,818,865,5883,7190,4542,3170,1328,391,1270,2409,8444,2447,2159,3339,1862,165,9816,2155,3751,3315,5577,6252,3127,3837,6499,5308,8904,9568,5839,7563,7240,6320,4728,219,7438,4708,5193,558,2733,280,7925,2940,7898,7945,8440,5514,539,3271,6633,9596,6557,9294,5621,2812
873,1360,9196,502,1730,7532,9839,7858,8256,6278,73,965,6415,8843,744,9562,9228,9251,5073,6262,2553,1346,1027,2177,3419,9595,2735,4326,2041,9941,8721,2216,340,7957,4625,2205,5464,95,3307,752,5030,6537,2597,5822,7366,5157,8379,2161,2185,6936,1836,8774,4196,5904,9090,7038,2368,3183,2176,2930,1781,3789,1773,8528,3978,6882,7484,1406,5580,5450,5123,9124,3642,6081,7132,933,9630,6118,506,678,210,4381,7937,3623,255,2458,843,8880,9180,2448,8863,4464,1320,1805,4578,3161,1372,7016,2594,5536
