33,30,1,34,12,14,4,44,17,31,28,49,39,42,48,6,29,22,8,46
38,48,34,26,10,27,15,22,16,3,41,11,20,14,21,40,24,30,13,17,36,25,28,7,47,42,31,8,35,4,37,5,6,9,19,32,12,0,1,33,39,49,23,45,29,46,2,18,43,44
12,15,21,24,37,9,29,8,35,14,3,40,38,42,45,27,39,22,6,2,49,11,36,33,0,47,23,1,46,4,32,48,18,20,30,7,26,44,31,10,28,13,41,17,34,5,19,25,16,43
5,18,3,38,12,7,28,35,40,31,0,6,47,10,32,23,13,36,8,21,39,1,20,19,42,27,29,48,44,14,9,34,17,45,37,46,26,4,2,16,33,11,43,24,49,15,22,41,30,25
15,48,21,14,25,5,26,46,47,44,3,17,43,45,31,32,39,11,2,20,8,29,13,10,41,24,40,34,1,6,7,33,36,16,0,12,27,18,19,28,4,23,37,42,49,30,38,9,22,35
37,20,1,11,2,3,29,35,14,47,41,45,40,26,19,9,43,6,30,15,16,46,18,4,10,48,21,25,31,32,44,0,28,22,39,38,33,13,34,36,17,5,49,42,8,12,7,24,23,27
18,19,35,0,23,12,11,15,44,28,34,41,20,29,2,1,33,16,36,13,6,22,3,9,14,47,31,17,45,42,49,24,10,30,32,37,5,26,27,21,7,40,38,46,48,4,43,39,8,25
9,39,3,29,20,5,40,17,7,6,0,26,44,47,31,12,24,21,32,10,33,1,11,28,36,49,45,37,35,42,13,46,15,22,2,16,34,4,27,30,8,14,19,23,41,18,43,38,25,48
6,35,4,36,8,5,46,49,29,21,26,13,41,7,45,20,42,33,1,2,37,22,3,10,23,48,39,15,25,40,12,30,43,18,47,14,0,38,28,9,31,32,24,11,17,19,34,16,27,44
33,2,44,15,26,7,29,30,49,40,46,47,42,20,24,28,23,35,34,10,27,18,13,43,1,14,32,4,0,8,41,5,17,48,19,9,39,3,12,36,45,21,11,16,22,25,37,31,38,6
41,26,38,7,33,24,25,0,6,28,46,11,13,47,39,49,10,19,16,45,20,35,42,17,40,12,9,15,36,27,1,31,22,34,4,48,30,37,14,32,43,21,3,5,8,2,23,44,18,29
37,29,22,24,42,41,15,48,16,26,25,33,11,7,9,40,2,43,0,21,30,19,20,31,36,6,13,4,28,14,45,12,32,34,17,39,27,47,38,18,3,1,10,5,8,35,46,23,49,44
41,17,29,2,24,0,39,5,6,36,8,40,16,49,30,33,44,45,37,32,15,10,14,35,26,34,19,27,4,11,22,31,28,47,9,18,38,13,21,1,42,12,20,48,25,7,23,43,46,3
18,46,22,26,1,5,35,9,10,21,2,40,27,6,37,29,3,36,28,12,11,25,30,33,49,13,23,47,4,48,19,32,41,45,39,0,38,17,15,7,31,34,44,42,24,16,14,43,20,8
1,5,19,47,34,37,48,11,14,40,39,43,35,49,9,42,13,24,33,36,2,41,16,7,0,26,3,46,29,22,8,15,6,12,17,32,18,28,25,44,31,21,4,27,10,30,38,45,20,23
39,24,4,11,21,26,19,32,23,16,30,5,15,0,47,2,36,18,9,13,48,45,34,49,8,27,17,31,38,14,29,41,3,12,44,37,22,43,35,33,10,40,20,28,1,7,42,6,25,46
3249,2136,2117,2041,1648,1264,3852,305,50,1506,1880,2176,468,3150,2865,1966,2189,253,2339,397,633,3014,2000,2554,1661,3307,3413,708,1038,335,467,2531,3275,503,1307,1216,3072,1450,1121,3732,986,3613,896,914,182,1939,3376,2894,881,670,3832,2650,1990,3015,3250,2353,1876,3095,3768,2047,3635,2870,516,618,368,3934,2318,228,3611,3686,3643,3302,3444,1667,3400,1560,1783,3012,1901,1368,1162,35,2787,123,2942,300,2215,2853,142,2481,3472,3064,486,2179,987,2279,3470,2238,1147,2645,1518,1956,843,2969,3733,2724,3035,3314,3174,1927,971,46,2132,3264,463,2738,1009,1151,2603,1330,588,3837,1454,2031,3600,1406,15,1868,1843,3058,1028,1481,2694,2614,769,3485,3002,2408,966,1509,1504,3927,3861,3705,3315,1813,2693,2766,1871,1600,1008,1964,2914,2549,28,1963,2687,3190,2616,2666,519,3490,1646,3086,3639,360,261,2344,996,1114,3792,439,1736,1187,3334,3553,2685,665,121,1553,3671,2146,1747,63,3188,161,3632,1278,2856,2270,301,1933,2452,854,3729,1061,2247,3871,3619,2932,2384,555,1456,434,3717,1764,2366,1562,2791,3121,1792,1083,1733,1595,581,3793,2051,2024,1243,437,2469,3615,3928,1565,3019,2868,3898,1797,692,159,1621,1367,231,1333,891,1249,542,2127,2568,1476,2639,2169,821,3774,2301,2166,1752,3338,827,2385,3517,3060,2039,1157,1785,1168,1479,473,325,2524,1846,3377,2937,470,3427,2571,2533,3099,422,1931,852,2879,2759,3799,879,2668,2042,3211,2345,2532,3346,1724,1497,4,1408,2314,26,2099,1100,2049,924,3642,2810,2374,2106,3786,761,2018,1234,464,3259,3946,2479,3820,623,490,1620,3238,677,672,3347,759,303,3509,695,2248,477,1486,679,1262,1104,2493,2288,451,1071,1496,2187,2804,1393,715,2760,1525,2861,802,3961,255,1188,409,1043,1985,1051,2,1503,3039,2998,3716,1584,819,1327,3588,654,271,2947,42,3369,3568,260,2075,561,1718,1651,3324,2396,2830,3492,3270,1464,2289,2934,3834,1169,1062,2836,866,3159,716,3373,1799,1050,3232,3390,1890,2842,395,160,476,2265,3134,1761,1443,2003,3416,1978,1713,2009,3036,958,619,2133,1674,3271,3518,316,1143,3239,2629,18,909,3767,2627,885,226,2087,1399,3725,2441,1722,2295,128,2491,2027,1067,3234,3364,330,2093,2489,2395,3669,93,188,659,2283,453,506,2060,1900,435,227,3407,1097,3446,930,674,3147,3125,2291,3024,2715,3340,2557,3200,1473,2229,3372,2416,1850,895,229,649,1920,970,3819,356,2076,1108,1854,3018,209,955,2609,2107,2242,291,3215,3374,3422,952,3096,3692,1302,693,2371,1835,204,1455,3431,3398,3393,364,1614,3903,1421,33,2012,1692,3359,2814,3313,1158,30,1138,1928,2583,753,2424,1222,103,2333,2652,1519,1225,2922,1365,1623,1500,1730,14,430,3638,2901,2331,1119,3815,1384,2782,2322,1591,2473,104,1053,3771,9,2821,1130,3720,1727,3640,1032,3872,2598,1811,1173,1300,1244,727,2943,168,2634,1929,1206,3991,2955,295,3210,2316,3155,497,1999,381,3512,2315,2742,376,2297,176,565,3728,2584,2383,2651,1505,3952,250,3268,3322,1662,1336,3279,273,1226,1041,421,1332,2037,2940,2952,32,1948,3932,2938,3137,2920,3418,2688,1444,2909,3556,2514,1164,747,1772,108,2735,1630,739,3318,824,3849,3141,1763,1530,1858,569,3595,3011,2218,956,741,745,2055,1120,3802,1501,557,3420,3533,1716,167,1452,1781,1875,2296,401,252,3989,2307,2659,3809,2186,2311,2989,2198,3618,778,2587,311,1174,1363,2996,223,1637,975,1105,1923,3651,1198,1972,2965,1082,3049,544,194,1383,1001,3167,2902,3067,2369,2991,2721,1943,2394,1653,3292,3344,1793,668,2550,657,3128,2918,948,3954,1977,2665,1936,2220,2482,2785,954,1703,1250,2476,515,2477,3291,3697,3001,1058,675,2612,3421,3966,2579,3801,3309,902,3529,1588,2507,3836,3061,1867,3941,66,84,1826,3910,2837,3185,3922,3724,457,3237,367,1638,2635,874,2860,533,1081,2574,2900,2764,3973,37,2231,1342,1817,1154,95,2077,3030,3831,2155,1183,408,73,2040,3057,963,566,3709,3901,1024,1153,3854,1809,2066,396,3666,1837,2121,2774,2373,2131,925,3296,1828,650,838,1144,3048,446,64,777,2957,985,1672,931,1457,968,3985,3995,2219,1925,3304,711,320,2529,342,1547,1979,1344,2534,3877,3808,2043,3511,791,3010,1523,3247,206,189,2710,2941,3554,1668,2840,3561,3750,2236,1902,3236,2963,2582,1728,2460,728,1401,864,2711,999,2415,1859,3000,1642,1498,3429,2743,385,3433,3662,2360,1517,3955,246,3109,2275,1527,3358,10,258,610,2953,3858,277,2874,977,3602,2436,2661,3956,2207,3878,3187,1056,344,109,1511,1238,3565,2286,525,244,324,2917,2543,1824,3281,2455,3154,3949,1787,722,1774,2300,27,2706,2337,2494,3743,3528,1093,2363,1521,2862,2990,1023,1995,427,928,1160,2779,2691,671,2646,959,3428,2199,3263,3241,1065,146,2266,3285,166,2147,2141,2425,3544,3744,3939,2807,3953,3992,3731,164,3097,1819,2818,3163,3384,2890,114,3998,3972,3573,3821,3165,2444,3074,1971,1962,1337,1682,1879,2854,257,3303,1034,1604,3665,1440,1426,2521,2319,1784,415,2167,1702,1422,1896,3093,2465,2755,2618,3383,1356,3682,1072,3749,551,3471,724,3477,2962,151,3734,3186,323,1865,826,1460,1313,1872,1273,3007,3505,3560,558,1617,3680,2089,3370,1807,3100,3480,773,929,3931,3351,3502,3204,3577,1944,2355,837
2449,3192,630,2443,2429,44,3925,889,1685,911,16,2810,1727,279,2307,2143,2736,3653,472,1462,2498,3270,2795,2876,2826,1977,2391,387,2792,725,339,260,3703,2119,1186,3881,3169,1250,833,2585,1726,1124,867,186,3347,2028,2139,3352,2556,2488,1217,3400,3932,3850,647,2262,2764,169,2626,1928,3233,2967,3340,36,3139,2327,1013,900,3833,777,2367,3796,3974,3211,2828,1343,1075,3115,3060,3890,2571,375,306,610,1116,1510,1565,1446,3888,3058,2402,1379,3411,3351,2541,601,2131,2586,2798,706,810,1330,3133,110,1922,971,2993,1164,1450,2895,1448,3654,3782,1572,1260,1779,1888,3245,2852,3907,2430,578,2642,3870,3405,30,705,3339,1385,192,3609,3143,981,3116,1103,3067,2372,120,2471,2545,2554,3913,1003,1453,3679,1839,3587,3705,3199,3846,3532,435,3228,308,3468,112,399,2208,3539,2726,2965,96,664,1099,732,3138,456,1567,1319,2932,3303,3773,2998,1723,3196,404,785,3376,1965,109,2213,201,88,1508,3944,1136,3386,939,3444,489,1037,2985,150,3151,3155,3108,1066,1664,1646,191,1583,1437,2087,2051,3535,1417,1824,3769,926,2228,2510,933,3005,959,1874,1424,3547,2929,1886,3778,1717,90,1268,31,2605,1662,3213,2392,753,536,3053,2681,1394,295,2778,621,1325,1044,1369,2653,3257,1823,3523,183,1100,381,859,3883,3044,564,2038,3071,3476,436,3207,2316,1753,3760,2055,868,3733,3940,1887,1877,180,2071,267,2490,1557,3578,3146,3328,737,3975,2656,3525,2713,111,500,893,1561,2308,1902,2861,2259,2616,1360,3660,1845,298,2827,2931,931,342,3995,685,2210,25,400,890,3835,1830,2098,575,2940,138,1029,1667,3971,1936,1255,512,1518,1349,1298,3407,2457,687,1527,3817,2046,1956,535,1650,1575,353,3366,2558,1118,3102,1836,2901,118,2222,11,3591,2762,37,3928,945,1694,2835,3093,2373,2190,483,1359,3262,626,1990,2025,2802,3555,2591,1743,1511,2679,3787,529,3217,881,2487,2229,296,678,1885,2725,2849,2701,1212,2184,3646,5,2978,2386,3623,3157,2627,1289,579,1047,2352,1236,3984,2770,2116,1429,3310,3527,2349,3589,1166,3594,2295,515,3043,3992,3819,3470,3280,1152,2405,2325,530,1623,134,2230,662,2376,1913,3978,2269,3988,1420,2251,1361,901,3840,3436,3456,2889,1611,2320,869,2625,617,76,2887,2345,1367,3117,3599,469,2368,3059,268,3417,470,3220,1604,2924,2204,554,3420,2201,2674,1589,3190,3026,486,669,2110,3560,2546,2740,1579,2659,2370,3086,3274,98,790,2111,924,3101,3605,1158,1119,3884,203,3745,3908,849,738,247,3939,1935,2903,2043,1821,1699,2830,2338,1719,396,2273,3949,1466,92,3175,81,1552,354,2333,281,1187,2188,1674,1799,3379,569,1914,1952,2461,1910,3302,3918,64,3198,165,1818,2720,3669,2056,3830,557,1962,2313,3021,2186,1027,170,618,675,606,1713,1057,3008,2953,3822,2388,3408,244,414,2497,1856,2475,1235,3194,1959,2635,3099,805,3455,2175,1039,2301,290,350,1638,492,3855,2194,1635,850,2677,1457,2599,3076,1537,59,3926,415,858,86,3450,366,1764,3024,2033,195,3630,3582,3349,3538,1046,3655,1873,24,2825,3034,1999,1339,3812,1655,2039,3503,2002,2808,1125,3832,534,3851,660,3603,3261,1758,423,629,2306,1725,1157,1858,596,1868,2834,2699,117,501,1666,541,1800,2381,3815,3241,775,3353,3163,2685,2789,898,167,418,842,1945,3362,1397,2244,1181,349,1195,1958,1102,3473,1832,304,839,377,410,3342,686,3948,2730,1023,2938,3249,2248,3475,241,1398,1644,1355,233,1431,1107,2469,2579,205,2238,1153,3061,3963,2647,2746,2786,1592,1093,585,3469,856,2134,2156,1254,2292,2748,1,1371,371,3872,330,507,1775,1196,3797,323,2086,2549,1122,1827,1984,1168,550,1347,3178,769,1441,123,3210,7,3306,344,3142,3201,2265,841,1203,3645,2722,2553,1442,1742,2843,2600,3507,3239,2102,3410,1871,2809,288,847,1704,3294,3054,2606,688,3941,372,2859,2361,2166,83,1809,1670,1094,3148,2418,3998,3414,819,269,3816,3121,2422,2979,764,3561,2613,2850,2512,3772,947,1607,1167,137,3083,1415,3744,877,3923,1496,3113,2172,2364,3996,1051,1078,94,3761,1269,351,3065,3674,1903,934,3223,1736,908,2530,1076,3323,2282,2342,2927,482,1129,3970,3335,2217,1280,3080,2643,3077,1707,3332,1733,1418,2882,2149,3430,1531,2198,2788,2311,443,2529,1169,1893,627,2106,1844,1452,223,3373,299,403,1923,2526,46,2621,340,3553,2888,562,1183,817,1549,2468,2181,2533,3991,499,1811,1184,3667,961,1287,1163,2933,3227,758,2751,3664,3892,62,1311,1286,2080,3293,1316,1535,696,259,767,2684,720,1314,3031,1838,385,1747,2385,709,1993,3271,3964,3961,1803,912,1955,818,3106,1030,2981,3079,3305,3856,1883,1519,3868,3600,1459,3718,3025,359,514,2646,1790,1032,3853,1541,3056,1341,2011,1996,2738,2107,3367,1770,2511,1656,2840,1028,3406,2079,1247,2420,1502,2495,1174,3951,756,892,715,159,3882,3611,3197,599,3412,1138,1563,923,1338,345,1205,757,3314,2593,747,3837,1135,2851,3641,3449,1634,3057,1953,1946,1942,163,2383,683,3564,3663,2118,162,3253,1278,315,949,3494,1483,3218,3687,3607,1293,1968,2363,3537,1702,991,1150,701,3742,3541,3419,633,1143,1304,3006,1423,3727,3090,420,2590,1435,670,1493,294,10,6,528,3585,1617,733,3022,824,2687,863,3901,2820,459,1782,3569,3836,2123,3714,1586,3144
